1.10008 -84.489
1.20008 -84.489
1.30008 -84.489
1.40008 -84.489
1.50008 -84.489
1.60008 -84.489
1.70008 -84.489
1.80008 -84.489
1.90008 -84.489
2.00008 -84.489
2.10008 -84.489
2.20008 -84.489
2.30008 -84.489
2.40008 -84.489
2.50008 -84.489
2.60008 -84.489
2.70008 -84.489
2.80008 -84.489
2.90008 -84.489
3.00008 -84.489
3.10008 -84.489
3.20008 -84.489
3.30008 -84.489
3.40008 -84.489
3.50008 -84.489
3.60008 -84.489
3.70008 -84.489
3.80008 -84.489
3.90008 -84.489
4.00008 -84.489
4.10008 -84.489
4.20008 -84.489
4.30008 -84.489
4.40008 -84.489
4.50008 -84.489
4.60008 -84.489
4.70008 -84.489
4.80008 -84.489
4.90008 -84.489
5.00008 -84.489
5.10008 -84.489
5.20008 -84.489
5.30008 -84.489
5.40008 -84.489
5.50008 -84.489
5.60008 -84.489
5.70008 -84.489
5.80008 -84.489
5.90008 -84.489
6.00008 -84.489
6.10008 -84.489
6.20008 -84.489
6.30008 -84.489
6.40008 -84.489
6.50008 -84.489
6.60008 -84.489
6.70008 -84.489
6.80008 -84.489
6.90008 -84.489
7.00008 -84.489
7.10008 -84.489
7.20008 -84.489
7.30008 -84.489
7.40008 -84.489
7.50008 -84.489
7.60008 -84.489
7.70008 -84.489
7.80008 -84.489
7.90008 -84.489
8.00008 -84.489
8.10008 -84.489
8.20008 -84.489
8.30008 -84.489
8.40008 -84.489
8.50008 -84.489
8.60008 -84.489
8.70008 -84.489
8.80008 -84.489
8.90008 -84.489
9.00008 -84.489
9.10008 -84.489
9.20008 -84.489
9.30008 -84.489
9.40008 -84.489
9.50008 -84.489
9.60008 -84.489
9.70008 -84.489
9.80008 -84.489
9.90008 -84.489
10.0001 -84.489
10.1001 -84.489
10.2001 -84.489
10.3001 -84.489
10.4001 -84.489
10.5001 -84.489
10.6001 -84.489
10.7001 -84.489
10.8001 -84.489
10.9001 -84.489
11.0001 -84.489
11.1001 -84.489
11.2001 -84.489
11.3001 -84.489
11.4001 -84.489
11.5001 -84.489
11.6001 -84.489
11.7001 -84.489
11.8001 -84.489
11.9001 -84.489
12.0001 -84.489
12.1001 -84.489
12.2001 -84.489
12.3001 -84.489
12.4001 -84.489
12.5001 -84.489
12.6001 -84.489
12.7001 -84.489
12.8001 -84.489
12.9001 -84.489
13.0001 -84.489
13.1001 -84.489
13.2001 -84.489
13.3001 -84.489
13.4001 -84.489
13.5001 -84.489
13.6001 -84.489
13.7001 -84.489
13.8001 -84.489
13.9001 -84.489
14.0001 -84.489
14.1001 -84.489
14.2001 -84.489
14.3001 -84.489
14.4001 -84.489
14.5001 -84.489
14.6001 -84.489
14.7001 -84.489
14.8001 -84.489
14.9001 -84.489
15.0001 -84.489
15.1001 -84.489
15.2001 -84.489
15.3001 -84.489
15.4001 -84.489
15.5001 -84.489
15.6001 -84.489
15.7001 -84.489
15.8001 -84.489
15.9001 -84.489
16.0001 -84.489
16.1001 -84.489
16.2001 -84.489
16.3001 -84.489
16.4001 -84.489
16.5001 -84.489
16.6001 -84.489
16.7001 -84.489
16.8001 -84.489
16.9001 -84.489
17.0001 -84.489
17.1001 -84.489
17.2001 -84.489
17.3001 -84.489
17.4001 -84.489
17.5001 -84.489
17.6001 -84.489
17.7001 -84.489
17.8001 -84.489
17.9001 -84.489
18.0001 -84.489
18.1001 -84.489
18.2001 -84.489
18.3001 -84.489
18.4001 -84.489
18.5001 -84.489
18.6001 -84.489
18.7001 -84.489
18.8001 -84.489
18.9001 -84.489
19.0001 -84.489
19.1001 -84.489
19.2001 -84.489
19.3001 -84.489
19.4001 -84.489
19.5001 -84.489
19.6001 -84.489
19.7001 -84.489
19.8001 -84.489
19.9001 -84.489
20.0001 -84.489
20.1001 -84.489
20.2001 -84.489
20.3001 -84.489
20.4001 -84.489
20.5001 -84.489
20.6001 -84.489
20.7001 -84.489
20.8001 -84.489
20.9001 -84.489
21.0001 -84.489
21.1001 -84.489
21.2001 -84.489
21.3001 -84.489
21.4001 -84.489
21.5001 -84.489
21.6001 -84.489
21.7001 -84.489
21.8001 -84.489
21.9001 -84.489
22.0001 -84.489
22.1001 -84.489
22.2001 -84.489
22.3001 -84.489
22.4001 -84.489
22.5001 -84.489
22.6001 -84.489
22.7001 -84.489
22.8001 -84.489
22.9001 -84.489
23.0001 -84.489
23.1001 -84.489
23.2001 -84.489
23.3001 -84.489
23.4001 -84.489
23.5001 -84.489
23.6001 -84.489
23.7001 -84.489
23.8001 -84.489
23.9001 -84.489
24.0001 -84.489
24.1001 -84.489
24.2001 -84.489
24.3001 -84.489
24.4001 -84.489
24.5001 -84.489
24.6001 -84.489
24.7001 -84.489
24.8001 -84.489
24.9001 -84.489
25.0001 -84.489
25.1001 -84.489
25.2001 -84.489
25.3001 -84.489
25.4001 -84.489
25.5001 -84.489
25.6001 -84.489
25.7001 -84.489
25.8001 -84.489
25.9001 -84.489
26.0001 -84.489
26.1001 -84.489
26.2001 -84.489
26.3001 -84.489
26.4001 -84.489
26.5001 -84.489
26.6001 -84.489
26.7001 -84.489
26.8001 -84.489
26.9001 -84.489
27.0001 -84.489
27.1001 -84.489
27.2001 -84.489
27.3001 -84.489
27.4001 -84.489
27.5001 -84.489
27.6001 -84.489
27.7001 -84.489
27.8001 -84.489
27.9001 -84.489
28.0001 -84.489
28.1001 -84.489
28.2001 -84.489
28.3001 -84.489
28.4001 -84.489
28.5001 -84.489
28.6001 -84.489
28.7001 -84.489
28.8001 -84.489
28.9001 -84.489
29.0001 -84.489
29.1001 -84.489
29.2001 -84.489
29.3001 -84.489
29.4001 -84.489
29.5001 -84.489
29.6001 -84.489
29.7001 -84.489
29.8001 -84.489
29.9001 -84.489
30.0001 -84.489
30.1001 -84.489
30.2001 -84.489
30.3001 -84.489
30.4001 -84.489
30.5001 -84.489
30.6001 -84.489
30.7001 -84.489
30.8001 -84.489
30.9001 -84.489
31.0001 -84.489
31.1001 -84.489
31.2001 -84.489
31.3001 -84.489
31.4001 -84.489
31.5001 -84.489
31.6001 -84.489
31.7001 -84.489
31.8001 -84.489
31.9001 -84.489
32.0001 -84.489
32.1001 -84.489
32.2001 -84.489
32.3001 -84.489
32.4001 -84.489
32.5001 -84.489
32.6001 -84.489
32.7001 -84.489
32.8001 -84.489
32.9001 -84.489
33.0001 -84.489
33.1001 -84.489
33.2001 -84.489
33.3001 -84.489
33.4001 -84.489
33.5001 -84.489
33.6001 -84.489
33.7001 -84.489
33.8001 -84.489
33.9001 -84.489
34.0001 -84.489
34.1001 -84.489
34.2001 -84.489
34.3001 -84.489
34.4001 -84.489
34.5001 -84.489
34.6001 -84.489
34.7001 -84.489
34.8001 -84.489
34.9001 -84.489
35.0001 -84.489
35.1001 -84.489
35.2001 -84.489
35.3001 -84.489
35.4001 -84.489
35.5001 -84.489
35.6001 -84.489
35.7001 -84.489
35.8001 -84.489
35.9001 -84.489
36.0001 -84.489
36.1001 -84.489
36.2001 -84.489
36.3001 -84.489
36.4001 -84.489
36.5001 -84.489
36.6001 -84.489
36.7001 -84.489
36.8001 -84.489
36.9001 -84.489
37.0001 -84.489
37.1001 -84.489
37.2001 -84.489
37.3001 -84.489
37.4001 -84.489
37.5001 -84.489
37.6001 -84.489
37.7001 -84.489
37.8001 -84.489
37.9001 -84.489
38.0001 -84.489
38.1001 -84.489
38.2001 -84.489
38.3001 -84.489
38.4001 -84.489
38.5001 -84.489
38.6001 -84.489
38.7001 -84.489
38.8001 -84.489
38.9001 -84.489
39.0001 -84.489
39.1001 -84.489
39.2001 -84.489
39.3001 -84.489
39.4001 -84.489
39.5001 -84.489
39.6001 -84.489
39.7001 -84.489
39.8001 -84.489
39.9001 -84.489
40.0001 -84.489
40.1001 -84.489
40.2001 -84.489
40.3001 -84.489
40.4001 -84.489
40.5001 -84.489
40.6001 -84.489
40.7001 -84.489
40.8001 -84.489
40.9001 -84.489
41.0001 -84.489
41.1001 -84.489
41.2001 -84.489
41.3001 -84.489
41.4001 -84.489
41.5001 -84.489
41.6001 -84.489
41.7001 -84.489
41.8001 -84.489
41.9001 -84.489
42.0001 -84.489
42.1001 -84.489
42.2001 -84.489
42.3001 -84.489
42.4001 -84.489
42.5001 -84.489
42.6001 -84.489
42.7001 -84.489
42.8001 -84.489
42.9001 -84.489
43.0001 -84.489
43.1001 -84.489
43.2001 -84.489
43.3001 -84.489
43.4001 -84.489
43.5001 -84.489
43.6001 -84.489
43.7001 -84.489
43.8001 -84.489
43.9001 -84.489
44.0001 -84.489
44.1001 -84.489
44.2001 -84.489
44.3001 -84.489
44.4001 -84.489
44.5001 -84.489
44.6001 -84.489
44.7001 -84.489
44.8001 -84.489
44.9001 -84.489
45.0001 -84.489
45.1001 -84.489
45.2001 -84.489
45.3001 -84.489
45.4001 -84.489
45.5001 -84.489
45.6001 -84.489
45.7001 -84.489
45.8001 -84.489
45.9001 -84.489
46.0001 -84.489
46.1001 -84.489
46.2001 -84.489
46.3001 -84.489
46.4001 -84.489
46.5001 -84.489
46.6001 -84.489
46.7001 -84.489
46.8001 -84.489
46.9001 -84.489
47.0001 -84.489
47.1001 -84.489
47.2001 -84.489
47.3001 -84.489
47.4001 -84.489
47.5001 -84.489
47.6001 -84.489
47.7001 -84.489
47.8001 -84.489
47.9001 -84.489
48.0001 -84.489
48.1001 -84.489
48.2001 -84.489
48.3001 -84.489
48.4001 -84.489
48.5001 -84.489
48.6001 -84.489
48.7001 -84.489
48.8001 -84.489
48.9001 -84.489
49.0001 -84.489
49.1001 -84.489
49.2001 -84.489
49.3001 -84.489
49.4001 -84.489
49.5001 -84.489
49.6001 -84.489
49.7001 -84.489
49.8001 -84.489
49.9001 -84.489
50.0001 -84.489
50.1001 -84.489
50.2001 -84.489
50.3001 -84.489
50.4001 -84.489
50.5001 -84.489
50.6001 -84.489
50.7001 -84.489
50.8001 -84.489
50.9001 -84.489
51.0001 -84.489
51.1001 -84.489
51.2001 -84.489
51.3001 -84.489
51.4001 -84.489
51.5001 -84.489
51.6001 -84.489
51.7001 -84.489
51.8001 -84.489
51.9001 -84.489
52.0001 -84.489
52.1001 -84.489
52.2001 -84.489
52.3001 -84.489
52.4001 -84.489
52.5001 -84.489
52.6001 -84.489
52.7001 -84.489
52.8001 -84.489
52.9001 -84.489
53.0001 -84.489
53.1001 -84.489
53.2001 -84.489
53.3001 -84.489
53.4001 -84.489
53.5001 -84.489
53.6001 -84.489
53.7001 -84.489
53.8001 -84.489
53.9001 -84.489
54.0001 -84.489
54.1001 -84.489
54.2001 -84.489
54.3001 -84.489
54.4001 -84.489
54.5001 -84.489
54.6001 -84.489
54.7001 -84.489
54.8001 -84.489
54.9001 -84.489
55.0001 -84.489
55.1001 -84.489
55.2001 -84.489
55.3001 -84.489
55.4001 -84.489
55.5001 -84.489
55.6001 -84.489
55.7001 -84.489
55.8001 -84.489
55.9001 -84.489
56.0001 -84.489
56.1001 -84.489
56.2001 -84.489
56.3001 -84.489
56.4001 -84.489
56.5001 -84.489
56.6001 -84.489
56.7001 -84.489
56.8001 -84.489
56.9001 -84.489
57.0001 -84.489
57.1001 -84.489
57.2001 -84.489
57.3001 -84.489
57.4001 -84.489
57.5001 -84.489
57.6001 -84.489
57.7001 -84.489
57.8001 -84.489
57.9001 -84.489
58.0001 -84.489
58.1001 -84.489
58.2001 -84.489
58.3001 -84.489
58.4001 -84.489
58.5001 -84.489
58.6001 -84.489
58.7001 -84.489
58.8001 -84.489
58.9001 -84.489
59.0001 -84.489
59.1001 -84.489
59.2001 -84.489
59.3001 -84.489
59.4001 -84.489
59.5001 -84.489
59.6001 -84.489
59.7001 -84.489
59.8001 -84.489
59.9001 -84.489
60.0001 -84.489
60.1001 -84.489
60.2001 -84.489
60.3001 -84.489
60.4001 -84.489
60.5001 -84.489
60.6001 -84.489
60.7001 -84.489
60.8001 -84.489
60.9001 -84.489
61.0001 -84.489
61.1001 -84.489
61.2001 -84.489
61.3001 -84.489
61.4001 -84.489
61.5001 -84.489
61.6001 -84.489
61.7001 -84.489
61.8001 -84.489
61.9001 -84.489
62.0001 -84.489
62.1001 -84.489
62.2001 -84.489
62.3001 -84.489
62.4001 -84.489
62.5001 -84.489
62.6001 -84.489
62.7001 -84.489
62.8001 -84.489
62.9001 -84.489
63.0001 -84.489
63.1001 -84.489
63.2001 -84.489
63.3001 -84.489
63.4001 -84.489
63.5001 -84.489
63.6001 -84.489
63.7001 -84.489
63.8001 -84.489
63.9001 -84.489
64.0001 -84.489
64.1001 -84.489
64.2001 -84.489
64.3001 -84.489
64.4001 -84.489
64.5001 -84.489
64.6001 -84.489
64.7001 -84.489
64.8001 -84.489
64.9001 -84.489
65.0001 -84.489
65.1001 -84.489
65.2001 -84.489
65.3001 -84.489
65.4001 -84.489
65.5001 -84.489
65.6001 -84.489
65.7001 -84.489
65.8001 -84.489
65.9001 -84.489
66.0001 -84.489
66.1001 -84.489
66.2001 -84.489
66.3001 -84.489
66.4001 -84.489
66.5001 -84.489
66.6001 -84.489
66.7001 -84.489
66.8001 -84.489
66.9001 -84.489
67.0001 -84.489
67.1001 -84.489
67.2001 -84.489
67.3001 -84.489
67.4001 -84.489
67.5001 -84.489
67.6001 -84.489
67.7001 -84.489
67.8001 -84.489
67.9001 -84.489
68.0001 -84.489
68.1001 -84.489
68.2001 -84.489
68.3001 -84.489
68.4001 -84.489
68.5001 -84.489
68.6001 -84.489
68.7001 -84.489
68.8001 -84.489
68.9001 -84.489
69.0001 -84.489
69.1001 -84.489
69.2001 -84.489
69.3001 -84.489
69.4001 -84.489
69.5001 -84.489
69.6001 -84.489
69.7001 -84.489
69.8001 -84.489
69.9001 -84.489
70.0001 -84.489
70.1001 -84.489
70.2001 -84.489
70.3001 -84.489
70.4001 -84.489
70.5001 -84.489
70.6001 -84.489
70.7001 -84.489
70.8001 -84.489
70.9001 -84.489
71.0001 -84.489
71.1001 -84.489
71.2001 -84.489
71.3001 -84.489
71.4001 -84.489
71.5001 -84.489
71.6001 -84.489
71.7001 -84.489
71.8001 -84.489
71.9001 -84.489
72.0001 -84.489
72.1001 -84.489
72.2001 -84.489
72.3001 -84.489
72.4001 -84.489
72.5001 -84.489
72.6001 -84.489
72.7001 -84.489
72.8001 -84.489
72.9001 -84.489
73.0001 -84.489
73.1001 -84.489
73.2001 -84.489
73.3001 -84.489
73.4001 -84.489
73.5001 -84.489
73.6001 -84.489
73.7001 -84.489
73.8001 -84.489
73.9001 -84.489
74.0001 -84.489
74.1001 -84.489
74.2001 -84.489
74.3001 -84.489
74.4001 -84.489
74.5001 -84.489
74.6001 -84.489
74.7001 -84.489
74.8001 -84.489
74.9001 -84.489
75.0001 -84.489
75.1001 -84.489
75.2001 -84.489
75.3001 -84.489
75.4001 -84.489
75.5001 -84.489
75.6001 -84.489
75.7001 -84.489
75.8001 -84.489
75.9001 -84.489
76.0001 -84.489
76.1001 -84.489
76.2001 -84.489
76.3001 -84.489
76.4001 -84.489
76.5001 -84.489
76.6001 -84.489
76.7001 -84.489
76.8001 -84.489
76.9001 -84.489
77.0001 -84.489
77.1001 -84.489
77.2001 -84.489
77.3001 -84.489
77.4001 -84.489
77.5001 -84.489
77.6001 -84.489
77.7001 -84.489
77.8001 -84.489
77.9001 -84.489
78.0001 -84.489
78.1001 -84.489
78.2001 -84.489
78.3001 -84.489
78.4001 -84.489
78.5001 -84.489
78.6001 -84.489
78.7001 -84.489
78.8001 -84.489
78.9001 -84.489
79.0001 -84.489
79.1001 -84.489
79.2001 -84.489
79.3001 -84.489
79.4001 -84.489
79.5001 -84.489
79.6001 -84.489
79.7001 -84.489
79.8001 -84.489
79.9001 -84.489
80.0001 -84.489
80.1001 -84.489
80.2001 -84.489
80.3001 -84.489
80.4001 -84.489
80.5001 -84.489
80.6001 -84.489
80.7001 -84.489
80.8001 -84.489
80.9001 -84.489
81.0001 -84.489
81.1001 -84.489
81.2001 -84.489
81.3001 -84.489
81.4001 -84.489
81.5001 -84.489
81.6001 -84.489
81.7001 -84.489
81.8001 -84.489
81.9001 -84.489
82.0001 -84.489
82.1001 -84.489
82.2001 -84.489
82.3001 -84.489
82.4001 -84.489
82.5001 -84.489
82.6001 -84.489
82.7001 -84.489
82.8001 -84.489
82.9001 -84.489
83.0001 -84.489
83.1001 -84.489
83.2001 -84.489
83.3001 -84.489
83.4001 -84.489
83.5001 -84.489
83.6001 -84.489
83.7001 -84.489
83.8001 -84.489
83.9001 -84.489
84.0001 -84.489
84.1001 -84.489
84.2001 -84.489
84.3001 -84.489
84.4001 -84.489
84.5001 -84.489
84.6001 -84.489
84.7001 -84.489
84.8001 -84.489
84.9001 -84.489
85.0001 -84.489
85.1001 -84.489
85.2001 -84.489
85.3001 -84.489
85.4001 -84.489
85.5001 -84.489
85.6001 -84.489
85.7001 -84.489
85.8001 -84.489
85.9001 -84.489
86.0001 -84.489
86.1001 -84.489
86.2001 -84.489
86.3001 -84.489
86.4001 -84.489
86.5001 -84.489
86.6001 -84.489
86.7001 -84.489
86.8001 -84.489
86.9001 -84.489
87.0001 -84.489
87.1001 -84.489
87.2001 -84.489
87.3001 -84.489
87.4001 -84.489
87.5001 -84.489
87.6001 -84.489
87.7001 -84.489
87.8001 -84.489
87.9001 -84.489
88.0001 -84.489
88.1001 -84.489
88.2001 -84.489
88.3001 -84.489
88.4001 -84.489
88.5001 -84.489
88.6001 -84.489
88.7001 -84.489
88.8001 -84.489
88.9001 -84.489
89.0001 -84.489
89.1001 -84.489
89.2001 -84.489
89.3001 -84.489
89.4001 -84.489
89.5001 -84.489
89.6001 -84.489
89.7001 -84.489
89.8001 -84.489
89.9001 -84.489
90.0001 -84.489
90.1001 -84.489
90.2001 -84.489
90.3001 -84.489
90.4001 -84.489
90.5001 -84.489
90.6001 -84.489
90.7001 -84.489
90.8001 -84.489
90.9001 -84.489
91.0001 -84.489
91.1001 -84.489
91.2001 -84.489
91.3001 -84.489
91.4001 -84.489
91.5001 -84.489
91.6001 -84.489
91.7001 -84.489
91.8001 -84.489
91.9001 -84.489
92.0001 -84.489
92.1001 -84.489
92.2001 -84.489
92.3001 -84.489
92.4001 -84.489
92.5001 -84.489
92.6001 -84.489
92.7001 -84.489
92.8001 -84.489
92.9001 -84.489
93.0001 -84.489
93.1001 -84.489
93.2001 -84.489
93.3001 -84.489
93.4001 -84.489
93.5001 -84.489
93.6001 -84.489
93.7001 -84.489
93.8001 -84.489
93.9001 -84.489
94.0001 -84.489
94.1001 -84.489
94.2001 -84.489
94.3001 -84.489
94.4001 -84.489
94.5001 -84.489
94.6001 -84.489
94.7001 -84.489
94.8001 -84.489
94.9001 -84.489
95.0001 -84.489
95.1001 -84.489
95.2001 -84.489
95.3001 -84.489
95.4001 -84.489
95.5001 -84.489
95.6001 -84.489
95.7001 -84.489
95.8001 -84.489
95.9001 -84.489
96.0001 -84.489
96.1001 -84.489
96.2001 -84.489
96.3001 -84.489
96.4001 -84.489
96.5001 -84.489
96.6001 -84.489
96.7001 -84.489
96.8001 -84.489
96.9001 -84.489
97.0001 -84.489
97.1001 -84.489
97.2001 -84.489
97.3001 -84.489
97.4001 -84.489
97.5001 -84.489
97.6001 -84.489
97.7001 -84.489
97.8001 -84.489
97.9001 -84.489
98.0001 -84.489
98.1001 -84.489
98.2001 -84.489
98.3001 -84.489
98.4001 -84.489
98.5001 -84.489
98.6001 -84.489
98.7001 -84.489
98.8001 -84.489
98.9001 -84.489
99.0001 -84.489
99.1001 -84.489
99.2001 -84.489
99.3001 -84.489
99.4001 -84.489
99.5001 -84.489
99.6001 -84.489
99.7001 -84.489
99.8001 -84.489
99.9001 -84.489
100 -84.489
100.1 -84.489
100.2 -84.489
100.3 -84.489
100.4 -84.489
100.5 -84.489
100.6 -84.489
100.7 -84.489
100.8 -84.489
100.9 -84.489
101 -84.489
