1.10008 -75.4066
1.20008 -75.4066
1.30008 -75.4066
1.40008 -75.4066
1.50008 -75.4066
1.60008 -75.4066
1.70008 -75.4066
1.80008 -75.4066
1.90008 -75.4066
2.00008 -75.4066
2.10008 -75.4066
2.20008 -75.4066
2.30008 -75.4066
2.40008 -75.4066
2.50008 -75.4066
2.60008 -75.4066
2.70008 -75.4066
2.80008 -75.4066
2.90008 -75.4066
3.00008 -75.4066
3.10008 -75.4066
3.20008 -75.4066
3.30008 -75.4066
3.40008 -75.4066
3.50008 -75.4066
3.60008 -75.4066
3.70008 -75.4066
3.80008 -75.4066
3.90008 -75.4066
4.00008 -75.4066
4.10008 -75.4066
4.20008 -75.4066
4.30008 -75.4066
4.40008 -75.4066
4.50008 -75.4066
4.60008 -75.4066
4.70008 -75.4066
4.80008 -75.4066
4.90008 -75.4066
5.00008 -75.4066
5.10008 -75.4066
5.20008 -75.4066
5.30008 -75.4066
5.40008 -75.4066
5.50008 -75.4066
5.60008 -75.4066
5.70008 -75.4066
5.80008 -75.4066
5.90008 -75.4066
6.00008 -75.4066
6.10008 -75.4066
6.20008 -75.4066
6.30008 -75.4066
6.40008 -75.4066
6.50008 -75.4066
6.60008 -75.4066
6.70008 -75.4066
6.80008 -75.4066
6.90008 -75.4066
7.00008 -75.4066
7.10008 -75.4066
7.20008 -75.4066
7.30008 -75.4066
7.40008 -75.4066
7.50008 -75.4066
7.60008 -75.4066
7.70008 -75.4066
7.80008 -75.4066
7.90008 -75.4066
8.00008 -75.4066
8.10008 -75.4066
8.20008 -75.4066
8.30008 -75.4066
8.40008 -75.4066
8.50008 -75.4066
8.60008 -75.4066
8.70008 -75.4066
8.80008 -75.4066
8.90008 -75.4066
9.00008 -75.4066
9.10008 -75.4066
9.20008 -75.4066
9.30008 -75.4066
9.40008 -75.4066
9.50008 -75.4066
9.60008 -75.4066
9.70008 -75.4066
9.80008 -75.4066
9.90008 -75.4066
10.0001 -75.4066
10.1001 -75.4066
10.2001 -75.4066
10.3001 -75.4066
10.4001 -75.4066
10.5001 -75.4066
10.6001 -75.4066
10.7001 -75.4066
10.8001 -75.4066
10.9001 -75.4066
11.0001 -75.4066
11.1001 -75.4066
11.2001 -75.4066
11.3001 -75.4066
11.4001 -75.4066
11.5001 -75.4066
11.6001 -75.4066
11.7001 -75.4066
11.8001 -75.4066
11.9001 -75.4066
12.0001 -75.4066
12.1001 -75.4066
12.2001 -75.4066
12.3001 -75.4066
12.4001 -75.4066
12.5001 -75.4066
12.6001 -75.4066
12.7001 -75.4066
12.8001 -75.4066
12.9001 -75.4066
13.0001 -75.4066
13.1001 -75.4066
13.2001 -75.4066
13.3001 -75.4066
13.4001 -75.4066
13.5001 -75.4066
13.6001 -75.4066
13.7001 -75.4066
13.8001 -75.4066
13.9001 -75.4066
14.0001 -75.4066
14.1001 -75.4066
14.2001 -75.4066
14.3001 -75.4066
14.4001 -75.4066
14.5001 -75.4066
14.6001 -75.4066
14.7001 -75.4066
14.8001 -75.4066
14.9001 -75.4066
15.0001 -75.4066
15.1001 -75.4066
15.2001 -75.4066
15.3001 -75.4066
15.4001 -75.4066
15.5001 -75.4066
15.6001 -75.4066
15.7001 -75.4066
15.8001 -75.4066
15.9001 -75.4066
16.0001 -75.4066
16.1001 -75.4066
16.2001 -75.4066
16.3001 -75.4066
16.4001 -75.4066
16.5001 -75.4066
16.6001 -75.4066
16.7001 -75.4066
16.8001 -75.4066
16.9001 -75.4066
17.0001 -75.4066
17.1001 -75.4066
17.2001 -75.4066
17.3001 -75.4066
17.4001 -75.4066
17.5001 -75.4066
17.6001 -75.4066
17.7001 -75.4066
17.8001 -75.4066
17.9001 -75.4066
18.0001 -75.4066
18.1001 -75.4066
18.2001 -75.4066
18.3001 -75.4066
18.4001 -75.4066
18.5001 -75.4066
18.6001 -75.4066
18.7001 -75.4066
18.8001 -75.4066
18.9001 -75.4066
19.0001 -75.4066
19.1001 -75.4066
19.2001 -75.4066
19.3001 -75.4066
19.4001 -75.4066
19.5001 -75.4066
19.6001 -75.4066
19.7001 -75.4066
19.8001 -75.4066
19.9001 -75.4066
20.0001 -75.4066
20.1001 -75.4066
20.2001 -75.4066
20.3001 -75.4066
20.4001 -75.4066
20.5001 -75.4066
20.6001 -75.4066
20.7001 -75.4066
20.8001 -75.4066
20.9001 -75.4066
21.0001 -75.4066
21.1001 -75.4066
21.2001 -75.4066
21.3001 -75.4066
21.4001 -75.4066
21.5001 -75.4066
21.6001 -75.4066
21.7001 -75.4066
21.8001 -75.4066
21.9001 -75.4066
22.0001 -75.4066
22.1001 -75.4066
22.2001 -75.4066
22.3001 -75.4066
22.4001 -75.4066
22.5001 -75.4066
22.6001 -75.4066
22.7001 -75.4066
22.8001 -75.4066
22.9001 -75.4066
23.0001 -75.4066
23.1001 -75.4066
23.2001 -75.4066
23.3001 -75.4066
23.4001 -75.4066
23.5001 -75.4066
23.6001 -75.4066
23.7001 -75.4066
23.8001 -75.4066
23.9001 -75.4066
24.0001 -75.4066
24.1001 -75.4066
24.2001 -75.4066
24.3001 -75.4066
24.4001 -75.4066
24.5001 -75.4066
24.6001 -75.4066
24.7001 -75.4066
24.8001 -75.4066
24.9001 -75.4066
25.0001 -75.4066
25.1001 -75.4066
25.2001 -75.4066
25.3001 -75.4066
25.4001 -75.4066
25.5001 -75.4066
25.6001 -75.4066
25.7001 -75.4066
25.8001 -75.4066
25.9001 -75.4066
26.0001 -75.4066
26.1001 -75.4066
26.2001 -75.4066
26.3001 -75.4066
26.4001 -75.4066
26.5001 -75.4066
26.6001 -75.4066
26.7001 -75.4066
26.8001 -75.4066
26.9001 -75.4066
27.0001 -75.4066
27.1001 -75.4066
27.2001 -75.4066
27.3001 -75.4066
27.4001 -75.4066
27.5001 -75.4066
27.6001 -75.4066
27.7001 -75.4066
27.8001 -75.4066
27.9001 -75.4066
28.0001 -75.4066
28.1001 -75.4066
28.2001 -75.4066
28.3001 -75.4066
28.4001 -75.4066
28.5001 -75.4066
28.6001 -75.4066
28.7001 -75.4066
28.8001 -75.4066
28.9001 -75.4066
29.0001 -75.4066
29.1001 -75.4066
29.2001 -75.4066
29.3001 -75.4066
29.4001 -75.4066
29.5001 -75.4066
29.6001 -75.4066
29.7001 -75.4066
29.8001 -75.4066
29.9001 -75.4066
30.0001 -75.4066
30.1001 -75.4066
30.2001 -75.4066
30.3001 -75.4066
30.4001 -75.4066
30.5001 -75.4066
30.6001 -75.4066
30.7001 -75.4066
30.8001 -75.4066
30.9001 -75.4066
31.0001 -75.4066
31.1001 -75.4066
31.2001 -75.4066
31.3001 -75.4066
31.4001 -75.4066
31.5001 -75.4066
31.6001 -75.4066
31.7001 -75.4066
31.8001 -75.4066
31.9001 -75.4066
32.0001 -75.4066
32.1001 -75.4066
32.2001 -75.4066
32.3001 -75.4066
32.4001 -75.4066
32.5001 -75.4066
32.6001 -75.4066
32.7001 -75.4066
32.8001 -75.4066
32.9001 -75.4066
33.0001 -75.4066
33.1001 -75.4066
33.2001 -75.4066
33.3001 -75.4066
33.4001 -75.4066
33.5001 -75.4066
33.6001 -75.4066
33.7001 -75.4066
33.8001 -75.4066
33.9001 -75.4066
34.0001 -75.4066
34.1001 -75.4066
34.2001 -75.4066
34.3001 -75.4066
34.4001 -75.4066
34.5001 -75.4066
34.6001 -75.4066
34.7001 -75.4066
34.8001 -75.4066
34.9001 -75.4066
35.0001 -75.4066
35.1001 -75.4066
35.2001 -75.4066
35.3001 -75.4066
35.4001 -75.4066
35.5001 -75.4066
35.6001 -75.4066
35.7001 -75.4066
35.8001 -75.4066
35.9001 -75.4066
36.0001 -75.4066
36.1001 -75.4066
36.2001 -75.4066
36.3001 -75.4066
36.4001 -75.4066
36.5001 -75.4066
36.6001 -75.4066
36.7001 -75.4066
36.8001 -75.4066
36.9001 -75.4066
37.0001 -75.4066
37.1001 -75.4066
37.2001 -75.4066
37.3001 -75.4066
37.4001 -75.4066
37.5001 -75.4066
37.6001 -75.4066
37.7001 -75.4066
37.8001 -75.4066
37.9001 -75.4066
38.0001 -75.4066
38.1001 -75.4066
38.2001 -75.4066
38.3001 -75.4066
38.4001 -75.4066
38.5001 -75.4066
38.6001 -75.4066
38.7001 -75.4066
38.8001 -75.4066
38.9001 -75.4066
39.0001 -75.4066
39.1001 -75.4066
39.2001 -75.4066
39.3001 -75.4066
39.4001 -75.4066
39.5001 -75.4066
39.6001 -75.4066
39.7001 -75.4066
39.8001 -75.4066
39.9001 -75.4066
40.0001 -75.4066
40.1001 -75.4066
40.2001 -75.4066
40.3001 -75.4066
40.4001 -75.4066
40.5001 -75.4066
40.6001 -75.4066
40.7001 -75.4066
40.8001 -75.4066
40.9001 -75.4066
41.0001 -75.4066
41.1001 -75.4066
41.2001 -75.4066
41.3001 -75.4066
41.4001 -75.4066
41.5001 -75.4066
41.6001 -75.4066
41.7001 -75.4066
41.8001 -75.4066
41.9001 -75.4066
42.0001 -75.4066
42.1001 -75.4066
42.2001 -75.4066
42.3001 -75.4066
42.4001 -75.4066
42.5001 -75.4066
42.6001 -75.4066
42.7001 -75.4066
42.8001 -75.4066
42.9001 -75.4066
43.0001 -75.4066
43.1001 -75.4066
43.2001 -75.4066
43.3001 -75.4066
43.4001 -75.4066
43.5001 -75.4066
43.6001 -75.4066
43.7001 -75.4066
43.8001 -75.4066
43.9001 -75.4066
44.0001 -75.4066
44.1001 -75.4066
44.2001 -75.4066
44.3001 -75.4066
44.4001 -75.4066
44.5001 -75.4066
44.6001 -75.4066
44.7001 -75.4066
44.8001 -75.4066
44.9001 -75.4066
45.0001 -75.4066
45.1001 -75.4066
45.2001 -75.4066
45.3001 -75.4066
45.4001 -75.4066
45.5001 -75.4066
45.6001 -75.4066
45.7001 -75.4066
45.8001 -75.4066
45.9001 -75.4066
46.0001 -75.4066
46.1001 -75.4066
46.2001 -75.4066
46.3001 -75.4066
46.4001 -75.4066
46.5001 -75.4066
46.6001 -75.4066
46.7001 -75.4066
46.8001 -75.4066
46.9001 -75.4066
47.0001 -75.4066
47.1001 -75.4066
47.2001 -75.4066
47.3001 -75.4066
47.4001 -75.4066
47.5001 -75.4066
47.6001 -75.4066
47.7001 -75.4066
47.8001 -75.4066
47.9001 -75.4066
48.0001 -75.4066
48.1001 -75.4066
48.2001 -75.4066
48.3001 -75.4066
48.4001 -75.4066
48.5001 -75.4066
48.6001 -75.4066
48.7001 -75.4066
48.8001 -75.4066
48.9001 -75.4066
49.0001 -75.4066
49.1001 -75.4066
49.2001 -75.4066
49.3001 -75.4066
49.4001 -75.4066
49.5001 -75.4066
49.6001 -75.4066
49.7001 -75.4066
49.8001 -75.4066
49.9001 -75.4066
50.0001 -75.4066
50.1001 -75.4066
50.2001 -75.4066
50.3001 -75.4066
50.4001 -75.4066
50.5001 -75.4066
50.6001 -75.4066
50.7001 -75.4066
50.8001 -75.4066
50.9001 -75.4066
51.0001 -75.4066
51.1001 -75.4066
51.2001 -75.4066
51.3001 -75.4066
51.4001 -75.4066
51.5001 -75.4066
51.6001 -75.4066
51.7001 -75.4066
51.8001 -75.4066
51.9001 -75.4066
52.0001 -75.4066
52.1001 -75.4066
52.2001 -75.4066
52.3001 -75.4066
52.4001 -75.4066
52.5001 -75.4066
52.6001 -75.4066
52.7001 -75.4066
52.8001 -75.4066
52.9001 -75.4066
53.0001 -75.4066
53.1001 -75.4066
53.2001 -75.4066
53.3001 -75.4066
53.4001 -75.4066
53.5001 -75.4066
53.6001 -75.4066
53.7001 -75.4066
53.8001 -75.4066
53.9001 -75.4066
54.0001 -75.4066
54.1001 -75.4066
54.2001 -75.4066
54.3001 -75.4066
54.4001 -75.4066
54.5001 -75.4066
54.6001 -75.4066
54.7001 -75.4066
54.8001 -75.4066
54.9001 -75.4066
55.0001 -75.4066
55.1001 -75.4066
55.2001 -75.4066
55.3001 -75.4066
55.4001 -75.4066
55.5001 -75.4066
55.6001 -75.4066
55.7001 -75.4066
55.8001 -75.4066
55.9001 -75.4066
56.0001 -75.4066
56.1001 -75.4066
56.2001 -75.4066
56.3001 -75.4066
56.4001 -75.4066
56.5001 -75.4066
56.6001 -75.4066
56.7001 -75.4066
56.8001 -75.4066
56.9001 -75.4066
57.0001 -75.4066
57.1001 -75.4066
57.2001 -75.4066
57.3001 -75.4066
57.4001 -75.4066
57.5001 -75.4066
57.6001 -75.4066
57.7001 -75.4066
57.8001 -75.4066
57.9001 -75.4066
58.0001 -75.4066
58.1001 -75.4066
58.2001 -75.4066
58.3001 -75.4066
58.4001 -75.4066
58.5001 -75.4066
58.6001 -75.4066
58.7001 -75.4066
58.8001 -75.4066
58.9001 -75.4066
59.0001 -75.4066
59.1001 -75.4066
59.2001 -75.4066
59.3001 -75.4066
59.4001 -75.4066
59.5001 -75.4066
59.6001 -75.4066
59.7001 -75.4066
59.8001 -75.4066
59.9001 -75.4066
60.0001 -75.4066
60.1001 -75.4066
60.2001 -75.4066
60.3001 -75.4066
60.4001 -75.4066
60.5001 -75.4066
60.6001 -75.4066
60.7001 -75.4066
60.8001 -75.4066
60.9001 -75.4066
61.0001 -75.4066
61.1001 -75.4066
61.2001 -75.4066
61.3001 -75.4066
61.4001 -75.4066
61.5001 -75.4066
61.6001 -75.4066
61.7001 -75.4066
61.8001 -75.4066
61.9001 -75.4066
62.0001 -75.4066
62.1001 -75.4066
62.2001 -75.4066
62.3001 -75.4066
62.4001 -75.4066
62.5001 -75.4066
62.6001 -75.4066
62.7001 -75.4066
62.8001 -75.4066
62.9001 -75.4066
63.0001 -75.4066
63.1001 -75.4066
63.2001 -75.4066
63.3001 -75.4066
63.4001 -75.4066
63.5001 -75.4066
63.6001 -75.4066
63.7001 -75.4066
63.8001 -75.4066
63.9001 -75.4066
64.0001 -75.4066
64.1001 -75.4066
64.2001 -75.4066
64.3001 -75.4066
64.4001 -75.4066
64.5001 -75.4066
64.6001 -75.4066
64.7001 -75.4066
64.8001 -75.4066
64.9001 -75.4066
65.0001 -75.4066
65.1001 -75.4066
65.2001 -75.4066
65.3001 -75.4066
65.4001 -75.4066
65.5001 -75.4066
65.6001 -75.4066
65.7001 -75.4066
65.8001 -75.4066
65.9001 -75.4066
66.0001 -75.4066
66.1001 -75.4066
66.2001 -75.4066
66.3001 -75.4066
66.4001 -75.4066
66.5001 -75.4066
66.6001 -75.4066
66.7001 -75.4066
66.8001 -75.4066
66.9001 -75.4066
67.0001 -75.4066
67.1001 -75.4066
67.2001 -75.4066
67.3001 -75.4066
67.4001 -75.4066
67.5001 -75.4066
67.6001 -75.4066
67.7001 -75.4066
67.8001 -75.4066
67.9001 -75.4066
68.0001 -75.4066
68.1001 -75.4066
68.2001 -75.4066
68.3001 -75.4066
68.4001 -75.4066
68.5001 -75.4066
68.6001 -75.4066
68.7001 -75.4066
68.8001 -75.4066
68.9001 -75.4066
69.0001 -75.4066
69.1001 -75.4066
69.2001 -75.4066
69.3001 -75.4066
69.4001 -75.4066
69.5001 -75.4066
69.6001 -75.4066
69.7001 -75.4066
69.8001 -75.4066
69.9001 -75.4066
70.0001 -75.4066
70.1001 -75.4066
70.2001 -75.4066
70.3001 -75.4066
70.4001 -75.4066
70.5001 -75.4066
70.6001 -75.4066
70.7001 -75.4066
70.8001 -75.4066
70.9001 -75.4066
71.0001 -75.4066
71.1001 -75.4066
71.2001 -75.4066
71.3001 -75.4066
71.4001 -75.4066
71.5001 -75.4066
71.6001 -75.4066
71.7001 -75.4066
71.8001 -75.4066
71.9001 -75.4066
72.0001 -75.4066
72.1001 -75.4066
72.2001 -75.4066
72.3001 -75.4066
72.4001 -75.4066
72.5001 -75.4066
72.6001 -75.4066
72.7001 -75.4066
72.8001 -75.4066
72.9001 -75.4066
73.0001 -75.4066
73.1001 -75.4066
73.2001 -75.4066
73.3001 -75.4066
73.4001 -75.4066
73.5001 -75.4066
73.6001 -75.4066
73.7001 -75.4066
73.8001 -75.4066
73.9001 -75.4066
74.0001 -75.4066
74.1001 -75.4066
74.2001 -75.4066
74.3001 -75.4066
74.4001 -75.4066
74.5001 -75.4066
74.6001 -75.4066
74.7001 -75.4066
74.8001 -75.4066
74.9001 -75.4066
75.0001 -75.4066
75.1001 -75.4066
75.2001 -75.4066
75.3001 -75.4066
75.4001 -75.4066
75.5001 -75.4066
75.6001 -75.4066
75.7001 -75.4066
75.8001 -75.4066
75.9001 -75.4066
76.0001 -75.4066
76.1001 -75.4066
76.2001 -75.4066
76.3001 -75.4066
76.4001 -75.4066
76.5001 -75.4066
76.6001 -75.4066
76.7001 -75.4066
76.8001 -75.4066
76.9001 -75.4066
77.0001 -75.4066
77.1001 -75.4066
77.2001 -75.4066
77.3001 -75.4066
77.4001 -75.4066
77.5001 -75.4066
77.6001 -75.4066
77.7001 -75.4066
77.8001 -75.4066
77.9001 -75.4066
78.0001 -75.4066
78.1001 -75.4066
78.2001 -75.4066
78.3001 -75.4066
78.4001 -75.4066
78.5001 -75.4066
78.6001 -75.4066
78.7001 -75.4066
78.8001 -75.4066
78.9001 -75.4066
79.0001 -75.4066
79.1001 -75.4066
79.2001 -75.4066
79.3001 -75.4066
79.4001 -75.4066
79.5001 -75.4066
79.6001 -75.4066
79.7001 -75.4066
79.8001 -75.4066
79.9001 -75.4066
80.0001 -75.4066
80.1001 -75.4066
80.2001 -75.4066
80.3001 -75.4066
80.4001 -75.4066
80.5001 -75.4066
80.6001 -75.4066
80.7001 -75.4066
80.8001 -75.4066
80.9001 -75.4066
81.0001 -75.4066
81.1001 -75.4066
81.2001 -75.4066
81.3001 -75.4066
81.4001 -75.4066
81.5001 -75.4066
81.6001 -75.4066
81.7001 -75.4066
81.8001 -75.4066
81.9001 -75.4066
82.0001 -75.4066
82.1001 -75.4066
82.2001 -75.4066
82.3001 -75.4066
82.4001 -75.4066
82.5001 -75.4066
82.6001 -75.4066
82.7001 -75.4066
82.8001 -75.4066
82.9001 -75.4066
83.0001 -75.4066
83.1001 -75.4066
83.2001 -75.4066
83.3001 -75.4066
83.4001 -75.4066
83.5001 -75.4066
83.6001 -75.4066
83.7001 -75.4066
83.8001 -75.4066
83.9001 -75.4066
84.0001 -75.4066
84.1001 -75.4066
84.2001 -75.4066
84.3001 -75.4066
84.4001 -75.4066
84.5001 -75.4066
84.6001 -75.4066
84.7001 -75.4066
84.8001 -75.4066
84.9001 -75.4066
85.0001 -75.4066
85.1001 -75.4066
85.2001 -75.4066
85.3001 -75.4066
85.4001 -75.4066
85.5001 -75.4066
85.6001 -75.4066
85.7001 -75.4066
85.8001 -75.4066
85.9001 -75.4066
86.0001 -75.4066
86.1001 -75.4066
86.2001 -75.4066
86.3001 -75.4066
86.4001 -75.4066
86.5001 -75.4066
86.6001 -75.4066
86.7001 -75.4066
86.8001 -75.4066
86.9001 -75.4066
87.0001 -75.4066
87.1001 -75.4066
87.2001 -75.4066
87.3001 -75.4066
87.4001 -75.4066
87.5001 -75.4066
87.6001 -75.4066
87.7001 -75.4066
87.8001 -75.4066
87.9001 -75.4066
88.0001 -75.4066
88.1001 -75.4066
88.2001 -75.4066
88.3001 -75.4066
88.4001 -75.4066
88.5001 -75.4066
88.6001 -75.4066
88.7001 -75.4066
88.8001 -75.4066
88.9001 -75.4066
89.0001 -75.4066
89.1001 -75.4066
89.2001 -75.4066
89.3001 -75.4066
89.4001 -75.4066
89.5001 -75.4066
89.6001 -75.4066
89.7001 -75.4066
89.8001 -75.4066
89.9001 -75.4066
90.0001 -75.4066
90.1001 -75.4066
90.2001 -75.4066
90.3001 -75.4066
90.4001 -75.4066
90.5001 -75.4066
90.6001 -75.4066
90.7001 -75.4066
90.8001 -75.4066
90.9001 -75.4066
91.0001 -75.4066
91.1001 -75.4066
91.2001 -75.4066
91.3001 -75.4066
91.4001 -75.4066
91.5001 -75.4066
91.6001 -75.4066
91.7001 -75.4066
91.8001 -75.4066
91.9001 -75.4066
92.0001 -75.4066
92.1001 -75.4066
92.2001 -75.4066
92.3001 -75.4066
92.4001 -75.4066
92.5001 -75.4066
92.6001 -75.4066
92.7001 -75.4066
92.8001 -75.4066
92.9001 -75.4066
93.0001 -75.4066
93.1001 -75.4066
93.2001 -75.4066
93.3001 -75.4066
93.4001 -75.4066
93.5001 -75.4066
93.6001 -75.4066
93.7001 -75.4066
93.8001 -75.4066
93.9001 -75.4066
94.0001 -75.4066
94.1001 -75.4066
94.2001 -75.4066
94.3001 -75.4066
94.4001 -75.4066
94.5001 -75.4066
94.6001 -75.4066
94.7001 -75.4066
94.8001 -75.4066
94.9001 -75.4066
95.0001 -75.4066
95.1001 -75.4066
95.2001 -75.4066
95.3001 -75.4066
95.4001 -75.4066
95.5001 -75.4066
95.6001 -75.4066
95.7001 -75.4066
95.8001 -75.4066
95.9001 -75.4066
96.0001 -75.4066
96.1001 -75.4066
96.2001 -75.4066
96.3001 -75.4066
96.4001 -75.4066
96.5001 -75.4066
96.6001 -75.4066
96.7001 -75.4066
96.8001 -75.4066
96.9001 -75.4066
97.0001 -75.4066
97.1001 -75.4066
97.2001 -75.4066
97.3001 -75.4066
97.4001 -75.4066
97.5001 -75.4066
97.6001 -75.4066
97.7001 -75.4066
97.8001 -75.4066
97.9001 -75.4066
98.0001 -75.4066
98.1001 -75.4066
98.2001 -75.4066
98.3001 -75.4066
98.4001 -75.4066
98.5001 -75.4066
98.6001 -75.4066
98.7001 -75.4066
98.8001 -75.4066
98.9001 -75.4066
99.0001 -75.4066
99.1001 -75.4066
99.2001 -75.4066
99.3001 -75.4066
99.4001 -75.4066
99.5001 -75.4066
99.6001 -75.4066
99.7001 -75.4066
99.8001 -75.4066
99.9001 -75.4066
100 -75.4066
100.1 -75.4066
100.2 -75.4066
100.3 -75.4066
100.4 -75.4066
100.5 -75.4066
100.6 -75.4066
100.7 -75.4066
100.8 -75.4066
100.9 -75.4066
101 -75.4066
