1.10008 -78.1138
1.20008 -78.1138
1.30008 -78.1138
1.40008 -78.1138
1.50008 -78.1138
1.60008 -78.1138
1.70008 -78.1138
1.80008 -78.1138
1.90008 -78.1138
2.00008 -78.1138
2.10008 -78.1138
2.20008 -78.1138
2.30008 -78.1138
2.40008 -78.1138
2.50008 -78.1138
2.60008 -78.1138
2.70008 -78.1138
2.80008 -78.1138
2.90008 -78.1138
3.00008 -78.1138
3.10008 -78.1138
3.20008 -78.1138
3.30008 -78.1138
3.40008 -78.1138
3.50008 -78.1138
3.60008 -78.1138
3.70008 -78.1138
3.80008 -78.1138
3.90008 -78.1138
4.00008 -78.1138
4.10008 -78.1138
4.20008 -78.1138
4.30008 -78.1138
4.40008 -78.1138
4.50008 -78.1138
4.60008 -78.1138
4.70008 -78.1138
4.80008 -78.1138
4.90008 -78.1138
5.00008 -78.1138
5.10008 -78.1138
5.20008 -78.1138
5.30008 -78.1138
5.40008 -78.1138
5.50008 -78.1138
5.60008 -78.1138
5.70008 -78.1138
5.80008 -78.1138
5.90008 -78.1138
6.00008 -78.1138
6.10008 -78.1138
6.20008 -78.1138
6.30008 -78.1138
6.40008 -78.1138
6.50008 -78.1138
6.60008 -78.1138
6.70008 -78.1138
6.80008 -78.1138
6.90008 -78.1138
7.00008 -78.1138
7.10008 -78.1138
7.20008 -78.1138
7.30008 -78.1138
7.40008 -78.1138
7.50008 -78.1138
7.60008 -78.1138
7.70008 -78.1138
7.80008 -78.1138
7.90008 -78.1138
8.00008 -78.1138
8.10008 -78.1138
8.20008 -78.1138
8.30008 -78.1138
8.40008 -78.1138
8.50008 -78.1138
8.60008 -78.1138
8.70008 -78.1138
8.80008 -78.1138
8.90008 -78.1138
9.00008 -78.1138
9.10008 -78.1138
9.20008 -78.1138
9.30008 -78.1138
9.40008 -78.1138
9.50008 -78.1138
9.60008 -78.1138
9.70008 -78.1138
9.80008 -78.1138
9.90008 -78.1138
10.0001 -78.1138
10.1001 -78.1138
10.2001 -78.1138
10.3001 -78.1138
10.4001 -78.1138
10.5001 -78.1138
10.6001 -78.1138
10.7001 -78.1138
10.8001 -78.1138
10.9001 -78.1138
11.0001 -78.1138
11.1001 -78.1138
11.2001 -78.1138
11.3001 -78.1138
11.4001 -78.1138
11.5001 -78.1138
11.6001 -78.1138
11.7001 -78.1138
11.8001 -78.1138
11.9001 -78.1138
12.0001 -78.1138
12.1001 -78.1138
12.2001 -78.1138
12.3001 -78.1138
12.4001 -78.1138
12.5001 -78.1138
12.6001 -78.1138
12.7001 -78.1138
12.8001 -78.1138
12.9001 -78.1138
13.0001 -78.1138
13.1001 -78.1138
13.2001 -78.1138
13.3001 -78.1138
13.4001 -78.1138
13.5001 -78.1138
13.6001 -78.1138
13.7001 -78.1138
13.8001 -78.1138
13.9001 -78.1138
14.0001 -78.1138
14.1001 -78.1138
14.2001 -78.1138
14.3001 -78.1138
14.4001 -78.1138
14.5001 -78.1138
14.6001 -78.1138
14.7001 -78.1138
14.8001 -78.1138
14.9001 -78.1138
15.0001 -78.1138
15.1001 -78.1138
15.2001 -78.1138
15.3001 -78.1138
15.4001 -78.1138
15.5001 -78.1138
15.6001 -78.1138
15.7001 -78.1138
15.8001 -78.1138
15.9001 -78.1138
16.0001 -78.1138
16.1001 -78.1138
16.2001 -78.1138
16.3001 -78.1138
16.4001 -78.1138
16.5001 -78.1138
16.6001 -78.1138
16.7001 -78.1138
16.8001 -78.1138
16.9001 -78.1138
17.0001 -78.1138
17.1001 -78.1138
17.2001 -78.1138
17.3001 -78.1138
17.4001 -78.1138
17.5001 -78.1138
17.6001 -78.1138
17.7001 -78.1138
17.8001 -78.1138
17.9001 -78.1138
18.0001 -78.1138
18.1001 -78.1138
18.2001 -78.1138
18.3001 -78.1138
18.4001 -78.1138
18.5001 -78.1138
18.6001 -78.1138
18.7001 -78.1138
18.8001 -78.1138
18.9001 -78.1138
19.0001 -78.1138
19.1001 -78.1138
19.2001 -78.1138
19.3001 -78.1138
19.4001 -78.1138
19.5001 -78.1138
19.6001 -78.1138
19.7001 -78.1138
19.8001 -78.1138
19.9001 -78.1138
20.0001 -78.1138
20.1001 -78.1138
20.2001 -78.1138
20.3001 -78.1138
20.4001 -78.1138
20.5001 -78.1138
20.6001 -78.1138
20.7001 -78.1138
20.8001 -78.1138
20.9001 -78.1138
21.0001 -78.1138
21.1001 -78.1138
21.2001 -78.1138
21.3001 -78.1138
21.4001 -78.1138
21.5001 -78.1138
21.6001 -78.1138
21.7001 -78.1138
21.8001 -78.1138
21.9001 -78.1138
22.0001 -78.1138
22.1001 -78.1138
22.2001 -78.1138
22.3001 -78.1138
22.4001 -78.1138
22.5001 -78.1138
22.6001 -78.1138
22.7001 -78.1138
22.8001 -78.1138
22.9001 -78.1138
23.0001 -78.1138
23.1001 -78.1138
23.2001 -78.1138
23.3001 -78.1138
23.4001 -78.1138
23.5001 -78.1138
23.6001 -78.1138
23.7001 -78.1138
23.8001 -78.1138
23.9001 -78.1138
24.0001 -78.1138
24.1001 -78.1138
24.2001 -78.1138
24.3001 -78.1138
24.4001 -78.1138
24.5001 -78.1138
24.6001 -78.1138
24.7001 -78.1138
24.8001 -78.1138
24.9001 -78.1138
25.0001 -78.1138
25.1001 -78.1138
25.2001 -78.1138
25.3001 -78.1138
25.4001 -78.1138
25.5001 -78.1138
25.6001 -78.1138
25.7001 -78.1138
25.8001 -78.1138
25.9001 -78.1138
26.0001 -78.1138
26.1001 -78.1138
26.2001 -78.1138
26.3001 -78.1138
26.4001 -78.1138
26.5001 -78.1138
26.6001 -78.1138
26.7001 -78.1138
26.8001 -78.1138
26.9001 -78.1138
27.0001 -78.1138
27.1001 -78.1138
27.2001 -78.1138
27.3001 -78.1138
27.4001 -78.1138
27.5001 -78.1138
27.6001 -78.1138
27.7001 -78.1138
27.8001 -78.1138
27.9001 -78.1138
28.0001 -78.1138
28.1001 -78.1138
28.2001 -78.1138
28.3001 -78.1138
28.4001 -78.1138
28.5001 -78.1138
28.6001 -78.1138
28.7001 -78.1138
28.8001 -78.1138
28.9001 -78.1138
29.0001 -78.1138
29.1001 -78.1138
29.2001 -78.1138
29.3001 -78.1138
29.4001 -78.1138
29.5001 -78.1138
29.6001 -78.1138
29.7001 -78.1138
29.8001 -78.1138
29.9001 -78.1138
30.0001 -78.1138
30.1001 -78.1138
30.2001 -78.1138
30.3001 -78.1138
30.4001 -78.1138
30.5001 -78.1138
30.6001 -78.1138
30.7001 -78.1138
30.8001 -78.1138
30.9001 -78.1138
31.0001 -78.1138
31.1001 -78.1138
31.2001 -78.1138
31.3001 -78.1138
31.4001 -78.1138
31.5001 -78.1138
31.6001 -78.1138
31.7001 -78.1138
31.8001 -78.1138
31.9001 -78.1138
32.0001 -78.1138
32.1001 -78.1138
32.2001 -78.1138
32.3001 -78.1138
32.4001 -78.1138
32.5001 -78.1138
32.6001 -78.1138
32.7001 -78.1138
32.8001 -78.1138
32.9001 -78.1138
33.0001 -78.1138
33.1001 -78.1138
33.2001 -78.1138
33.3001 -78.1138
33.4001 -78.1138
33.5001 -78.1138
33.6001 -78.1138
33.7001 -78.1138
33.8001 -78.1138
33.9001 -78.1138
34.0001 -78.1138
34.1001 -78.1138
34.2001 -78.1138
34.3001 -78.1138
34.4001 -78.1138
34.5001 -78.1138
34.6001 -78.1138
34.7001 -78.1138
34.8001 -78.1138
34.9001 -78.1138
35.0001 -78.1138
35.1001 -78.1138
35.2001 -78.1138
35.3001 -78.1138
35.4001 -78.1138
35.5001 -78.1138
35.6001 -78.1138
35.7001 -78.1138
35.8001 -78.1138
35.9001 -78.1138
36.0001 -78.1138
36.1001 -78.1138
36.2001 -78.1138
36.3001 -78.1138
36.4001 -78.1138
36.5001 -78.1138
36.6001 -78.1138
36.7001 -78.1138
36.8001 -78.1138
36.9001 -78.1138
37.0001 -78.1138
37.1001 -78.1138
37.2001 -78.1138
37.3001 -78.1138
37.4001 -78.1138
37.5001 -78.1138
37.6001 -78.1138
37.7001 -78.1138
37.8001 -78.1138
37.9001 -78.1138
38.0001 -78.1138
38.1001 -78.1138
38.2001 -78.1138
38.3001 -78.1138
38.4001 -78.1138
38.5001 -78.1138
38.6001 -78.1138
38.7001 -78.1138
38.8001 -78.1138
38.9001 -78.1138
39.0001 -78.1138
39.1001 -78.1138
39.2001 -78.1138
39.3001 -78.1138
39.4001 -78.1138
39.5001 -78.1138
39.6001 -78.1138
39.7001 -78.1138
39.8001 -78.1138
39.9001 -78.1138
40.0001 -78.1138
40.1001 -78.1138
40.2001 -78.1138
40.3001 -78.1138
40.4001 -78.1138
40.5001 -78.1138
40.6001 -78.1138
40.7001 -78.1138
40.8001 -78.1138
40.9001 -78.1138
41.0001 -78.1138
41.1001 -78.1138
41.2001 -78.1138
41.3001 -78.1138
41.4001 -78.1138
41.5001 -78.1138
41.6001 -78.1138
41.7001 -78.1138
41.8001 -78.1138
41.9001 -78.1138
42.0001 -78.1138
42.1001 -78.1138
42.2001 -78.1138
42.3001 -78.1138
42.4001 -78.1138
42.5001 -78.1138
42.6001 -78.1138
42.7001 -78.1138
42.8001 -78.1138
42.9001 -78.1138
43.0001 -78.1138
43.1001 -78.1138
43.2001 -78.1138
43.3001 -78.1138
43.4001 -78.1138
43.5001 -78.1138
43.6001 -78.1138
43.7001 -78.1138
43.8001 -78.1138
43.9001 -78.1138
44.0001 -78.1138
44.1001 -78.1138
44.2001 -78.1138
44.3001 -78.1138
44.4001 -78.1138
44.5001 -78.1138
44.6001 -78.1138
44.7001 -78.1138
44.8001 -78.1138
44.9001 -78.1138
45.0001 -78.1138
45.1001 -78.1138
45.2001 -78.1138
45.3001 -78.1138
45.4001 -78.1138
45.5001 -78.1138
45.6001 -78.1138
45.7001 -78.1138
45.8001 -78.1138
45.9001 -78.1138
46.0001 -78.1138
46.1001 -78.1138
46.2001 -78.1138
46.3001 -78.1138
46.4001 -78.1138
46.5001 -78.1138
46.6001 -78.1138
46.7001 -78.1138
46.8001 -78.1138
46.9001 -78.1138
47.0001 -78.1138
47.1001 -78.1138
47.2001 -78.1138
47.3001 -78.1138
47.4001 -78.1138
47.5001 -78.1138
47.6001 -78.1138
47.7001 -78.1138
47.8001 -78.1138
47.9001 -78.1138
48.0001 -78.1138
48.1001 -78.1138
48.2001 -78.1138
48.3001 -78.1138
48.4001 -78.1138
48.5001 -78.1138
48.6001 -78.1138
48.7001 -78.1138
48.8001 -78.1138
48.9001 -78.1138
49.0001 -78.1138
49.1001 -78.1138
49.2001 -78.1138
49.3001 -78.1138
49.4001 -78.1138
49.5001 -78.1138
49.6001 -78.1138
49.7001 -78.1138
49.8001 -78.1138
49.9001 -78.1138
50.0001 -78.1138
50.1001 -78.1138
50.2001 -78.1138
50.3001 -78.1138
50.4001 -78.1138
50.5001 -78.1138
50.6001 -78.1138
50.7001 -78.1138
50.8001 -78.1138
50.9001 -78.1138
51.0001 -78.1138
51.1001 -78.1138
51.2001 -78.1138
51.3001 -78.1138
51.4001 -78.1138
51.5001 -78.1138
51.6001 -78.1138
51.7001 -78.1138
51.8001 -78.1138
51.9001 -78.1138
52.0001 -78.1138
52.1001 -78.1138
52.2001 -78.1138
52.3001 -78.1138
52.4001 -78.1138
52.5001 -78.1138
52.6001 -78.1138
52.7001 -78.1138
52.8001 -78.1138
52.9001 -78.1138
53.0001 -78.1138
53.1001 -78.1138
53.2001 -78.1138
53.3001 -78.1138
53.4001 -78.1138
53.5001 -78.1138
53.6001 -78.1138
53.7001 -78.1138
53.8001 -78.1138
53.9001 -78.1138
54.0001 -78.1138
54.1001 -78.1138
54.2001 -78.1138
54.3001 -78.1138
54.4001 -78.1138
54.5001 -78.1138
54.6001 -78.1138
54.7001 -78.1138
54.8001 -78.1138
54.9001 -78.1138
55.0001 -78.1138
55.1001 -78.1138
55.2001 -78.1138
55.3001 -78.1138
55.4001 -78.1138
55.5001 -78.1138
55.6001 -78.1138
55.7001 -78.1138
55.8001 -78.1138
55.9001 -78.1138
56.0001 -78.1138
56.1001 -78.1138
56.2001 -78.1138
56.3001 -78.1138
56.4001 -78.1138
56.5001 -78.1138
56.6001 -78.1138
56.7001 -78.1138
56.8001 -78.1138
56.9001 -78.1138
57.0001 -78.1138
57.1001 -78.1138
57.2001 -78.1138
57.3001 -78.1138
57.4001 -78.1138
57.5001 -78.1138
57.6001 -78.1138
57.7001 -78.1138
57.8001 -78.1138
57.9001 -78.1138
58.0001 -78.1138
58.1001 -78.1138
58.2001 -78.1138
58.3001 -78.1138
58.4001 -78.1138
58.5001 -78.1138
58.6001 -78.1138
58.7001 -78.1138
58.8001 -78.1138
58.9001 -78.1138
59.0001 -78.1138
59.1001 -78.1138
59.2001 -78.1138
59.3001 -78.1138
59.4001 -78.1138
59.5001 -78.1138
59.6001 -78.1138
59.7001 -78.1138
59.8001 -78.1138
59.9001 -78.1138
60.0001 -78.1138
60.1001 -78.1138
60.2001 -78.1138
60.3001 -78.1138
60.4001 -78.1138
60.5001 -78.1138
60.6001 -78.1138
60.7001 -78.1138
60.8001 -78.1138
60.9001 -78.1138
61.0001 -78.1138
61.1001 -78.1138
61.2001 -78.1138
61.3001 -78.1138
61.4001 -78.1138
61.5001 -78.1138
61.6001 -78.1138
61.7001 -78.1138
61.8001 -78.1138
61.9001 -78.1138
62.0001 -78.1138
62.1001 -78.1138
62.2001 -78.1138
62.3001 -78.1138
62.4001 -78.1138
62.5001 -78.1138
62.6001 -78.1138
62.7001 -78.1138
62.8001 -78.1138
62.9001 -78.1138
63.0001 -78.1138
63.1001 -78.1138
63.2001 -78.1138
63.3001 -78.1138
63.4001 -78.1138
63.5001 -78.1138
63.6001 -78.1138
63.7001 -78.1138
63.8001 -78.1138
63.9001 -78.1138
64.0001 -78.1138
64.1001 -78.1138
64.2001 -78.1138
64.3001 -78.1138
64.4001 -78.1138
64.5001 -78.1138
64.6001 -78.1138
64.7001 -78.1138
64.8001 -78.1138
64.9001 -78.1138
65.0001 -78.1138
65.1001 -78.1138
65.2001 -78.1138
65.3001 -78.1138
65.4001 -78.1138
65.5001 -78.1138
65.6001 -78.1138
65.7001 -78.1138
65.8001 -78.1138
65.9001 -78.1138
66.0001 -78.1138
66.1001 -78.1138
66.2001 -78.1138
66.3001 -78.1138
66.4001 -78.1138
66.5001 -78.1138
66.6001 -78.1138
66.7001 -78.1138
66.8001 -78.1138
66.9001 -78.1138
67.0001 -78.1138
67.1001 -78.1138
67.2001 -78.1138
67.3001 -78.1138
67.4001 -78.1138
67.5001 -78.1138
67.6001 -78.1138
67.7001 -78.1138
67.8001 -78.1138
67.9001 -78.1138
68.0001 -78.1138
68.1001 -78.1138
68.2001 -78.1138
68.3001 -78.1138
68.4001 -78.1138
68.5001 -78.1138
68.6001 -78.1138
68.7001 -78.1138
68.8001 -78.1138
68.9001 -78.1138
69.0001 -78.1138
69.1001 -78.1138
69.2001 -78.1138
69.3001 -78.1138
69.4001 -78.1138
69.5001 -78.1138
69.6001 -78.1138
69.7001 -78.1138
69.8001 -78.1138
69.9001 -78.1138
70.0001 -78.1138
70.1001 -78.1138
70.2001 -78.1138
70.3001 -78.1138
70.4001 -78.1138
70.5001 -78.1138
70.6001 -78.1138
70.7001 -78.1138
70.8001 -78.1138
70.9001 -78.1138
71.0001 -78.1138
71.1001 -78.1138
71.2001 -78.1138
71.3001 -78.1138
71.4001 -78.1138
71.5001 -78.1138
71.6001 -78.1138
71.7001 -78.1138
71.8001 -78.1138
71.9001 -78.1138
72.0001 -78.1138
72.1001 -78.1138
72.2001 -78.1138
72.3001 -78.1138
72.4001 -78.1138
72.5001 -78.1138
72.6001 -78.1138
72.7001 -78.1138
72.8001 -78.1138
72.9001 -78.1138
73.0001 -78.1138
73.1001 -78.1138
73.2001 -78.1138
73.3001 -78.1138
73.4001 -78.1138
73.5001 -78.1138
73.6001 -78.1138
73.7001 -78.1138
73.8001 -78.1138
73.9001 -78.1138
74.0001 -78.1138
74.1001 -78.1138
74.2001 -78.1138
74.3001 -78.1138
74.4001 -78.1138
74.5001 -78.1138
74.6001 -78.1138
74.7001 -78.1138
74.8001 -78.1138
74.9001 -78.1138
75.0001 -78.1138
75.1001 -78.1138
75.2001 -78.1138
75.3001 -78.1138
75.4001 -78.1138
75.5001 -78.1138
75.6001 -78.1138
75.7001 -78.1138
75.8001 -78.1138
75.9001 -78.1138
76.0001 -78.1138
76.1001 -78.1138
76.2001 -78.1138
76.3001 -78.1138
76.4001 -78.1138
76.5001 -78.1138
76.6001 -78.1138
76.7001 -78.1138
76.8001 -78.1138
76.9001 -78.1138
77.0001 -78.1138
77.1001 -78.1138
77.2001 -78.1138
77.3001 -78.1138
77.4001 -78.1138
77.5001 -78.1138
77.6001 -78.1138
77.7001 -78.1138
77.8001 -78.1138
77.9001 -78.1138
78.0001 -78.1138
78.1001 -78.1138
78.2001 -78.1138
78.3001 -78.1138
78.4001 -78.1138
78.5001 -78.1138
78.6001 -78.1138
78.7001 -78.1138
78.8001 -78.1138
78.9001 -78.1138
79.0001 -78.1138
79.1001 -78.1138
79.2001 -78.1138
79.3001 -78.1138
79.4001 -78.1138
79.5001 -78.1138
79.6001 -78.1138
79.7001 -78.1138
79.8001 -78.1138
79.9001 -78.1138
80.0001 -78.1138
80.1001 -78.1138
80.2001 -78.1138
80.3001 -78.1138
80.4001 -78.1138
80.5001 -78.1138
80.6001 -78.1138
80.7001 -78.1138
80.8001 -78.1138
80.9001 -78.1138
81.0001 -78.1138
81.1001 -78.1138
81.2001 -78.1138
81.3001 -78.1138
81.4001 -78.1138
81.5001 -78.1138
81.6001 -78.1138
81.7001 -78.1138
81.8001 -78.1138
81.9001 -78.1138
82.0001 -78.1138
82.1001 -78.1138
82.2001 -78.1138
82.3001 -78.1138
82.4001 -78.1138
82.5001 -78.1138
82.6001 -78.1138
82.7001 -78.1138
82.8001 -78.1138
82.9001 -78.1138
83.0001 -78.1138
83.1001 -78.1138
83.2001 -78.1138
83.3001 -78.1138
83.4001 -78.1138
83.5001 -78.1138
83.6001 -78.1138
83.7001 -78.1138
83.8001 -78.1138
83.9001 -78.1138
84.0001 -78.1138
84.1001 -78.1138
84.2001 -78.1138
84.3001 -78.1138
84.4001 -78.1138
84.5001 -78.1138
84.6001 -78.1138
84.7001 -78.1138
84.8001 -78.1138
84.9001 -78.1138
85.0001 -78.1138
85.1001 -78.1138
85.2001 -78.1138
85.3001 -78.1138
85.4001 -78.1138
85.5001 -78.1138
85.6001 -78.1138
85.7001 -78.1138
85.8001 -78.1138
85.9001 -78.1138
86.0001 -78.1138
86.1001 -78.1138
86.2001 -78.1138
86.3001 -78.1138
86.4001 -78.1138
86.5001 -78.1138
86.6001 -78.1138
86.7001 -78.1138
86.8001 -78.1138
86.9001 -78.1138
87.0001 -78.1138
87.1001 -78.1138
87.2001 -78.1138
87.3001 -78.1138
87.4001 -78.1138
87.5001 -78.1138
87.6001 -78.1138
87.7001 -78.1138
87.8001 -78.1138
87.9001 -78.1138
88.0001 -78.1138
88.1001 -78.1138
88.2001 -78.1138
88.3001 -78.1138
88.4001 -78.1138
88.5001 -78.1138
88.6001 -78.1138
88.7001 -78.1138
88.8001 -78.1138
88.9001 -78.1138
89.0001 -78.1138
89.1001 -78.1138
89.2001 -78.1138
89.3001 -78.1138
89.4001 -78.1138
89.5001 -78.1138
89.6001 -78.1138
89.7001 -78.1138
89.8001 -78.1138
89.9001 -78.1138
90.0001 -78.1138
90.1001 -78.1138
90.2001 -78.1138
90.3001 -78.1138
90.4001 -78.1138
90.5001 -78.1138
90.6001 -78.1138
90.7001 -78.1138
90.8001 -78.1138
90.9001 -78.1138
91.0001 -78.1138
91.1001 -78.1138
91.2001 -78.1138
91.3001 -78.1138
91.4001 -78.1138
91.5001 -78.1138
91.6001 -78.1138
91.7001 -78.1138
91.8001 -78.1138
91.9001 -78.1138
92.0001 -78.1138
92.1001 -78.1138
92.2001 -78.1138
92.3001 -78.1138
92.4001 -78.1138
92.5001 -78.1138
92.6001 -78.1138
92.7001 -78.1138
92.8001 -78.1138
92.9001 -78.1138
93.0001 -78.1138
93.1001 -78.1138
93.2001 -78.1138
93.3001 -78.1138
93.4001 -78.1138
93.5001 -78.1138
93.6001 -78.1138
93.7001 -78.1138
93.8001 -78.1138
93.9001 -78.1138
94.0001 -78.1138
94.1001 -78.1138
94.2001 -78.1138
94.3001 -78.1138
94.4001 -78.1138
94.5001 -78.1138
94.6001 -78.1138
94.7001 -78.1138
94.8001 -78.1138
94.9001 -78.1138
95.0001 -78.1138
95.1001 -78.1138
95.2001 -78.1138
95.3001 -78.1138
95.4001 -78.1138
95.5001 -78.1138
95.6001 -78.1138
95.7001 -78.1138
95.8001 -78.1138
95.9001 -78.1138
96.0001 -78.1138
96.1001 -78.1138
96.2001 -78.1138
96.3001 -78.1138
96.4001 -78.1138
96.5001 -78.1138
96.6001 -78.1138
96.7001 -78.1138
96.8001 -78.1138
96.9001 -78.1138
97.0001 -78.1138
97.1001 -78.1138
97.2001 -78.1138
97.3001 -78.1138
97.4001 -78.1138
97.5001 -78.1138
97.6001 -78.1138
97.7001 -78.1138
97.8001 -78.1138
97.9001 -78.1138
98.0001 -78.1138
98.1001 -78.1138
98.2001 -78.1138
98.3001 -78.1138
98.4001 -78.1138
98.5001 -78.1138
98.6001 -78.1138
98.7001 -78.1138
98.8001 -78.1138
98.9001 -78.1138
99.0001 -78.1138
99.1001 -78.1138
99.2001 -78.1138
99.3001 -78.1138
99.4001 -78.1138
99.5001 -78.1138
99.6001 -78.1138
99.7001 -78.1138
99.8001 -78.1138
99.9001 -78.1138
100 -78.1138
100.1 -78.1138
100.2 -78.1138
100.3 -78.1138
100.4 -78.1138
100.5 -78.1138
100.6 -78.1138
100.7 -78.1138
100.8 -78.1138
100.9 -78.1138
101 -78.1138
